8
21
22
28
30
31
36
43
44
46
47
64
64
65
66
72
74
76
76
88
90
94
94
95
96
100
107
114
119
120
126
130
132
138
142
144
149
149
150
156
157
161
163
163
171
172
173
174
177
180
182
183
184
184
188
195
195
198
199
200
201
206
206
212
213
214
217
218
223
226
226
227
233
235
236
244
252
252
254
257
258
258
259
261
262
262
263
268
270
270
271
274
279
279
285
285
291
296
297
305
306
307
307
309
312
313
315
315
325
329
330
332
333
337
339
339
340
345
346
347
350
351
357
358
358
361
362
363
365
368
387
387
390
390
390
391
393
394
399
408
409
414
418
419
424
426
429
431
432
432
438
443
443
448
452
468
469
470
474
477
480
484
484
486
486
488
489
506
507
508
509
512
514
514
520
520
521
522
525
525
527
527
535
541
543
546
550
554
559
563
564
565
566
573
574
576
578
579
582
583
586
593
596
598
605
608
608
610
610
612
613
613
615
615
624
629
629
633
639
642
647
647
648
649
651
658
658
660
668
669
671
677
678
684
687
688
690
695
699
707
708
709
710
713
715
716
718
720
722
730
749
752
754
755
762
765
769
771
785
788
789
797
800
802
807
809
809
811
812
812
824
826
827
828
829
829
830
835
840
840
842
842
844
845
845
846
849
854
856
858
859
871
872
872
877
877
878
883
887
888
891
895
900
900
913
919
920
923
933
937
948
967
968
971
972
973
977
987
988
989
990
991
995
1005
1006
1006
1013
1016
1016
1017
1018
1020
1021
1025
1029
1031
1037
1038
1042
1050
1051
1051
1054
1055
1059
1060
1066
1067
1070
1072
1074
1078
1084
1084
1085
1088
1089
1090
1092
1096
1097
1099
1104
1108
1112
1113
1113
1118
1125
1133
1134
1135
1137
1137
1139
1141
1142
1155
1161
1173
1175
1177
1184
1201
1205
1207
1207
1207
1210
1211
1219
1230
1230
1230
1235
1235
1237
1239
1248
1250
1254
1264
1278
1279
1281
1282
1285
1289
1294
1301
1304
1305
1307
1311
1311
1313
1317
1318
1325
1331
1332
1335
1339
1339
1345
1350
1351
1355
1356
1358
1359
1361
1363
1369
1370
1372
1377
1383
1384
1386
1389
1390
1390
1394
1402
1402
1403
1403
1413
1414
1415
1415
1421
1423
1439
1448
1453
1454
1456
1457
1465
1466
1468
1468
1477
1484
1485
1485
1487
1491
1492
1497
1498
1505
1505
1509
1516
1519
1526
1533
1539
1541
1551
1552
1553
1558
1561
1562
1565
1565
1573
1574
1575
1583
1585
1588
1593
1598
1599
1602
1608
1608
1612
1615
1623
1625
1626
1626
1633
1635
1636
1640
1641
1643
1645
1646
1647
1649
1656
1656
1659
1660
1664
1664
1668
1668
1678
1679
1685
1690
1697
1704
1710
1719
1721
1723
1724
1728
1728
1730
1730
1732
1736
1746
1754
1761
1765
1766
1767
1767
1770
1777
1786
1786
1791
1802
1811
1816
1821
1824
1826
1828
1835
1835
1843
1847
1849
1852
1863
1865
1869
1871
1871
1872
1875
1875
1877
1883
1883
1887
1891
1894
1894
1898
1901
1902
1902
1903
1905
1915
1916
1917
1918
1919
1921
1922
1923
1923
1926
1927
1928
1930
1941
1943
1944
1944
1945
1949
1950
1953
1955
1959
1964
1966
1966
1967
1967
1968
1972
1976
1986
1988
1992
1997
2000
2001
2004
2007
2015
2023
2030
2031
2035
2041
2042
2043
2043
2046
2059
2065
2075
2075
2086
2088
2089
2089
2090
2093
2095
2097
2100
2101
2101
2109
2110
2113
2115
2117
2137
2138
2139
2141
2143
2148
2150
2157
2161
2163
2165
2165
2165
2166
2168
2174
2176
2178
2180
2182
2187
2197
2201
2207
2209
2210
2213
2221
2228
2228
2231
2237
2242
2243
2249
2254
2255
2259
2262
2264
2267
2268
2272
2272
2273
2279
2287
2290
2291
2293
2297
2298
2299
2300
2303
2308
2308
2309
2309
2314
2325
2334
2335
2336
2338
2340
2342
2343
2346
2347
2354
2358
2362
2364
2367
2376
2377
2378
2384
2391
2391
2396
2397
2400
2401
2408
2409
2412
2413
2415
2419
2425
2425
2428
2432
2437
2438
2441
2447
2449
2451
2462
2464
2467
2479
2482
2486
2487
2488
2496
2497
2498
2506
2506
2507
2507
2509
2513
2515
2516
2518
2519
2520
2537
2539
2545
2551
2552
2553
2555
2556
2562
2569
2571
2572
2577
2582
2585
2586
2598
2599
2602
2603
2605
2611
2615
2617
2619
2620
2621
2624
2629
2633
2635
2635
2637
2644
2648
2663
2664
2666
2674
2674
2677
2677
2679
2679
2682
2685
2690
2690
2694
2694
2695
2697
2699
2701
2702
2703
2716
2726
2728
2729
2730
2731
2732
2737
2739
2742
2743
2746
2748
2752
2752
2761
2764
2772
2776
2780
2781
2782
2783
2793
2805
2809
2812
2814
2819
2821
2822
2825
2825
2830
2833
2834
2836
2836
2837
2844
2844
2845
2845
2848
2852
2854
2854
2862
2871
2872
2874
2883
2893
2894
2895
2896
2897
2899
2903
2907
2908
2915
2921
2923
2925
2925
2930
2933
2935
2936
2937
2937
2939
2939
2940
2941
2949
2956
2960
2963
2964
2964
2969
2972
2982
2996
2997
3009
3009
3011
3012
3012
3013
3015
3021
3023
3026
3027
3030
3038
3038
3040
3041
3042
3042
3046
3047
3049
3051
3054
3054
3056
3056
3059
3062
3070
3073
3079
3087
3090
3116
3117
3124
3124
3125
3132
3138
3139
3141
3148
3149
3149
3153
3153
3160
3162
3162
3164
3167
3177
3183
3186
3195
3197
3203
3206
3217
3223
3225
3228
3238
3240
3243
3244
3249
3250
3252
3255
3255
3257
3257
3263
3272
3274
3274
3275
3277
3281
3287
3287
3293
3304
3305
3306
3307
3311
3318
3323
3323
3324
3327
3332
3336
3338
3341
3343
3347
3347
3349
3350
3351
3352
3353
3354
3358
3362
3366
3366
3367
3393
3397
3399
3400
3401
3404
3406
3406
3408
3412
3416
3420
3420
3420
3422
3426
3427
3432
3436
3436
3437
3437
3442
3442
3449
3458
3460
3464
3469
3473
3473
3481
3484
3488
3489
3513
3515
3519
3522
3523
3526
3532
3536
3540
3543
3550
3553
3554
3555
3561
3561
3563
3568
3591
3594
3595
3601
3602
3605
3611
3615
3615
3619
3621
3624
3626
3631
3632
3634
3638
3642
3644
3648
3650
3654
3654
3661
3663
3668
3668
3676
3677
3677
3685
3690
3698
3701
3707
3708
3709
3711
3712
3713
3713
3721
3722
3724
3734
3736
3742
3744
3746
3746
3753
3761
3763
3767
3769
3769
3770
3778
3782
3784
3788
3789
3789
3792
3793
3793
3794
3796
3796
3797
3803
3809
3809
3809
3813
3814
3817
3822
3828
3829
3837
3841
3844
3845
3848
3853
3853
3854
3857
3861
3865
3867
3870
3871
3877
3878
3878
3878
3879
3887
3891
3895
3896
3896
3901
3904
3906
3909
3911
3911
3912
3919
3924
3924
3924
3938
3945
3947
3949
3950
3951
3954
3963
3975
3979
3979
3981
3983
3984
3986
3988
3990
3991
3998
4001
4010
4011
4015
4020
4031
4036
4037
4041
4068
4068
4069
4076
4079
4086
4090
4093
4100
4102
4103
4106
4107
4112
4116
4116
4118
4132
4134
4135
4138
4140
4148
4153
4173
4184
4184
4186
4187
4189
4190
4205
4207
4210
4214
4219
4223
4229
4234
4236
4238
4249
4249
4251
4257
4259
4261
4264
4272
4272
4278
4280
4284
4285
4286
4287
4295
4297
4298
4300
4301
4301
4303
4304
4307
4310
4314
4316
4317
4319
4321
4322
4324
4326
4327
4327
4338
4341
4343
4343
4344
4348
4357
4365
4369
4373
4375
4378
4383
4390
4391
4391
4395
4400
4407
4408
4409
4409
4414
4415
4415
4415
4417
4425
4425
4426
4433
4436
4442
4443
4443
4451
4456
4463
4464
4465
4467
4479
4481
4482
4487
4490
4491
4493
4498
4502
4503
4509
4515
4518
4524
4525
4530
4531
4546
4547
4547
4548
4551
4551
4555
4556
4565
4570
4571
4575
4578
4580
4580
4586
4589
4592
4595
4599
4600
4601
4609
4611
4613
4614
4622
4623
4625
4625
4626
4628
4629
4630
4639
4644
4646
4646
4647
4649
4650
4650
4651
4653
4653
4653
4655
4659
4661
4666
4670
4671
4673
4674
4674
4677
4681
4686
4689
4694
4695
4697
4698
4703
4705
4705
4708
4708
4708
4709
4710
4711
4712
4717
4729
4729
4732
4733
4735
4744
4752
4754
4762
4764
4767
4767
4770
4771
4772
4775
4775
4776
4777
4782
4783
4785
4786
4787
4789
4796
4802
4803
4804
4805
4806
4811
4821
4825
4826
4828
4829
4830
4836
4838
4839
4839
4841
4844
4846
4847
4847
4848
4850
4857
4858
4860
4864
4871
4873
4877
4877
4879
4887
4901
4903
4905
4906
4907
4912
4912
4913
4917
4930
4936
4937
4939
4939
4940
4940
4945
4951
4955
4956
4956
4965
4968
4969
4973
4974
4975
4976
4977
4978
4985
4987
4990
5002
5008
5008
5009
5012
5016
5022
5023
5028
5031
5034
5039
5040
5043
5046
5047
5051
5057
5061
5065
5070
5075
5081
5086
5086
5087
5090
5095
5099
5105
5107
5108
5110
5111
5116
5117
5119
5120
5120
5123
5136
5138
5140
5141
5144
5150
5152
5153
5158
5160
5160
5166
5173
5176
5176
5178
5180
5184
5188
5189
5190
5194
5203
5203
5204
5206
5209
5217
5223
5223
5227
5230
5236
5237
5241
5243
5244
5247
5249
5255
5257
5263
5264
5266
5267
5271
5272
5273
5285
5286
5288
5295
5297
5301
5311
5314
5326
5331
5331
5336
5338
5340
5341
5347
5348
5349
5352
5357
5358
5360
5363
5366
5374
5379
5380
5382
5389
5394
5396
5398
5398
5401
5402
5407
5410
5417
5419
5421
5421
5432
5436
5436
5437
5440
5440
5445
5453
5459
5462
5462
5463
5467
5469
5470
5474
5475
5486
5487
5489
5499
5499
5507
5508
5511
5512
5515
5517
5523
5528
5536
5539
5543
5545
5546
5550
5554
5554
5554
5555
5567
5575
5578
5580
5581
5588
5597
5599
5599
5599
5599
5601
5602
5602
5603
5604
5604
5605
5606
5609
5614
5617
5622
5623
5633
5634
5636
5639
5639
5642
5648
5649
5649
5652
5652
5661
5663
5666
5667
5667
5669
5669
5677
5680
5686
5687
5689
5691
5691
5692
5696
5699
5702
5702
5713
5718
5719
5721
5722
5723
5731
5734
5740
5743
5746
5746
5750
5752
5759
5760
5761
5763
5765
5771
5771
5771
5775
5775
5777
5781
5784
5785
5788
5788
5789
5790
5790
5792
5793
5801
5802
5804
5809
5813
5815
5815
5817
5821
5829
5831
5831
5836
5838
5843
5843
5845
5851
5857
5862
5864
5871
5875
5877
5881
5884
5885
5886
5890
5891
5892
5894
5905
5905
5905
5912
5921
5925
5944
5946
5949
5953
5958
5959
5961
5964
5969
5969
5974
5993
5999
6001
6003
6010
6011
6019
6028
6045
6046
6048
6049
6056
6058
6058
6060
6062
6063
6072
6073
6089
6091
6096
6106
6114
6114
6115
6120
6121
6121
6121
6123
6129
6131
6135
6136
6136
6136
6137
6138
6138
6143
6146
6155
6161
6165
6168
6169
6174
6176
6183
6184
6187
6190
6203
6204
6208
6219
6233
6234
6237
6238
6243
6259
6260
6268
6274
6278
6278
6279
6279
6282
6282
6282
6285
6285
6287
6292
6294
6297
6297
6297
6302
6304
6313
6316
6328
6328
6328
6331
6335
6341
6341
6348
6348
6352
6356
6359
6363
6367
6368
6369
6378
6380
6380
6389
6398
6398
6398
6399
6403
6407
6415
6417
6419
6421
6422
6424
6424
6425
6426
6427
6441
6446
6446
6446
6451
6465
6465
6467
6469
6473
6480
6481
6483
6487
6498
6498
6498
6500
6504
6505
6509
6510
6519
6521
6522
6524
6527
6529
6529
6530
6535
6537
6538
6541
6545
6547
6548
6548
6551
6551
6552
6565
6565
6567
6572
6572
6575
6579
6586
6587
6588
6590
6591
6592
6593
6594
6595
6598
6598
6598
6600
6601
6606
6607
6608
6610
6611
6612
6612
6614
6616
6619
6622
6629
6630
6630
6633
6633
6642
6647
6651
6653
6654
6662
6662
6663
6665
6666
6671
6673
6678
6682
6686
6687
6688
6688
6690
6694
6699
6700
6701
6719
6719
6720
6723
6733
6734
6738
6742
6749
6753
6761
6762
6763
6764
6775
6775
6781
6783
6788
6789
6795
6800
6800
6800
6801
6803
6803
6807
6808
6811
6811
6817
6818
6823
6823
6824
6827
6836
6840
6843
6845
6852
6860
6860
6863
6863
6866
6867
6868
6869
6870
6872
6874
6874
6878
6878
6890
6893
6894
6898
6898
6899
6904
6907
6909
6910
6917
6921
6923
6923
6930
6932
6933
6935
6938
6956
6959
6959
6961
6973
6983
6984
6998
6998
7008
7009
7010
7010
7017
7021
7027
7030
7030
7031
7032
7033
7036
7039
7042
7044
7046
7047
7049
7049
7053
7054
7056
7062
7064
7064
7064
7067
7072
7079
7085
7086
7089
7106
7108
7111
7111
7111
7112
7116
7119
7122
7130
7133
7135
7141
7143
7146
7151
7151
7158
7160
7161
7167
7168
7172
7172
7173
7176
7186
7190
7193
7203
7206
7206
7208
7211
7212
7216
7221
7233
7244
7245
7245
7248
7248
7258
7264
7267
7270
7271
7284
7285
7286
7286
7288
7288
7290
7293
7293
7296
7303
7305
7313
7314
7315
7320
7320
7326
7328
7328
7331
7350
7350
7350
7356
7359
7360
7362
7367
7367
7367
7368
7371
7374
7375
7381
7385
7390
7396
7403
7409
7413
7415
7417
7419
7427
7436
7441
7444
7458
7458
7466
7467
7472
7472
7473
7474
7475
7476
7476
7482
7486
7492
7495
7497
7500
7501
7502
7507
7510
7513
7515
7516
7516
7523
7523
7525
7530
7540
7550
7567
7571
7575
7577
7583
7587
7588
7591
7596
7597
7599
7601
7603
7604
7608
7614
7615
7616
7618
7620
7623
7624
7625
7628
7640
7643
7646
7647
7649
7653
7654
7659
7665
7671
7674
7683
7684
7686
7691
7696
7696
7702
7705
7705
7716
7716
7718
7724
7726
7731
7731
7732
7737
7739
7741
7742
7749
7754
7756
7761
7765
7771
7773
7773
7776
7776
7785
7787
7788
7793
7800
7808
7811
7812
7815
7815
7818
7821
7831
7832
7832
7837
7837
7838
7839
7842
7844
7846
7847
7848
7848
7852
7853
7856
7857
7859
7859
7862
7865
7873
7879
7880
7883
7884
7888
7898
7899
7899
7903
7912
7922
7923
7925
7929
7941
7946
7951
7952
7955
7960
7967
7973
7984
7987
7991
7993
7994
7994
8001
8002
8005
8006
8007
8011
8012
8014
8017
8018
8019
8025
8030
8030
8030
8032
8032
8038
8041
8042
8047
8048
8048
8052
8053
8053
8065
8069
8072
8079
8082
8089
8093
8094
8095
8104
8109
8116
8123
8125
8127
8130
8136
8137
8142
8144
8146
8148
8152
8153
8161
8162
8165
8166
8167
8170
8172
8174
8174
8176
8177
8181
8183
8188
8191
8193
8196
8197
8198
8203
8206
8207
8209
8210
8213
8214
8216
8216
8217
8229
8234
8237
8238
8242
8243
8247
8249
8250
8255
8259
8262
8263
8272
8278
8279
8282
8283
8295
8297
8298
8298
8305
8308
8309
8311
8311
8313
8318
8320
8323
8329
8329
8335
8335
8342
8345
8355
8357
8357
8361
8363
8364
8364
8365
8366
8373
8379
8382
8393
8406
8416
8421
8424
8428
8432
8436
8436
8439
8445
8449
8453
8456
8461
8462
8463
8468
8468
8483
8489
8496
8504
8512
8516
8519
8537
8539
8540
8546
8547
8547
8547
8551
8554
8556
8557
8567
8574
8575
8578
8578
8578
8586
8589
8590
8590
8591
8593
8601
8605
8609
8624
8625
8628
8629
8631
8637
8639
8639
8641
8641
8642
8642
8644
8647
8656
8659
8661
8670
8670
8671
8678
8678
8683
8686
8687
8688
8693
8695
8700
8702
8704
8706
8712
8726
8728
8731
8733
8733
8736
8742
8743
8745
8747
8747
8747
8748
8749
8751
8755
8760
8763
8763
8764
8778
8779
8785
8787
8789
8791
8791
8796
8797
8804
8808
8808
8809
8815
8815
8816
8819
8820
8820
8824
8828
8828
8831
8841
8844
8849
8853
8854
8855
8855
8866
8869
8874
8876
8876
8877
8879
8883
8902
8904
8905
8907
8907
8910
8911
8918
8920
8920
8921
8924
8926
8927
8928
8928
8948
8953
8956
8962
8966
8967
8971
8973
8978
8983
8984
8988
8995
8996
9006
9008
9008
9009
9016
9023
9024
9025
9028
9030
9037
9044
9046
9046
9048
9048
9052
9052
9052
9058
9061
9063
9063
9069
9072
9074
9076
9079
9080
9083
9092
9097
9099
9101
9106
9107
9111
9117
9118
9119
9120
9120
9124
9124
9128
9129
9131
9138
9143
9145
9147
9149
9154
9157
9157
9164
9165
9165
9173
9177
9180
9185
9186
9186
9189
9197
9197
9201
9201
9203
9209
9214
9215
9217
9219
9228
9229
9234
9235
9236
9243
9254
9257
9261
9261
9261
9263
9263
9265
9266
9269
9276
9278
9283
9284
9286
9290
9290
9294
9296
9300
9303
9310
9318
9328
9329
9336
9338
9339
9344
9347
9350
9353
9355
9356
9356
9358
9365
9367
9369
9369
9371
9372
9383
9389
9399
9400
9404
9409
9424
9432
9441
9442
9445
9445
9463
9464
9473
9486
9486
9491
9494
9496
9502
9510
9511
9515
9516
9522
9522
9523
9524
9526
9535
9537
9543
9544
9559
9559
9565
9566
9567
9568
9576
9578
9579
9582
9590
9593
9594
9596
9599
9600
9602
9607
9611
9619
9621
9634
9646
9647
9649
9658
9667
9667
9668
9673
9673
9673
9687
9689
9692
9694
9694
9696
9697
9698
9700
9700
9700
9703
9709
9710
9712
9713
9718
9730
9737
9739
9740
9742
9743
9746
9746
9747
9748
9749
9750
9759
9760
9762
9771
9774
9776
9780
9787
9789
9795
9807
9810
9810
9816
9818
9820
9822
9822
9822
9827
9829
9831
9834
9848
9852
9855
9861
9870
9889
9891
9893
9894
9895
9898
9904
9905
9906
9912
9912
9925
9926
9930
9930
9931
9935
9936
9936
9946
9947
9950
9952
9953
9954
9956
9961
9963
9963
9967
9968
9970
9974
9976
9981
9990
9999
10001
10001
10003
10014
10015
10016
10022
10023
10029
10029
10036
10036
10039
10044
10045
10045
10046
10048
10053
10061
10063
10067
10075
10083
10083
10087
10094
10095
10095
10095
10105
10106
10111
10111
10112
10112
10114
10118
10119
10119
10126
10126
10126
10130
10131
10132
10134
10137
10137
10139
10139
10143
10145
10150
10153
10157
10157
10160
10161
10164
10164
10166
10167
10171
10171
10172
10175
10183
10191
10192
10193
10196
10197
10200
10204
10204
10205
10208
10213
10225
10232
10232
10233
10239
10240
10243
10243
10244
10247
10250
10252
10254
10264
10266
10269
10271
10273
10276
10276
10284
10288
10299
10302
10303
10303
10304
10304
10306
10311
10318
10322
10328
10343
10356
10357
10358
10358
10366
10366
10366
10370
10372
10376
10384
10387
10390
10395
10399
10401
10409
10410
10410
10412
10415
10434
10435
10441
10441
10450
10458
10459
10460
10461
10461
10463
10463
10464
10465
10465
10468
10469
10477
10479
10481
10481
10481
10486
10486
10488
10491
10491
10495
10499
10500
10502
10505
10508
10509
10512
10516
10517
10517
10519
10523
10525
10526
10526
10531
10533
10536
10537
10542
10543
10546
10549
10559
10559
10563
10564
10566
10569
10571
10573
10582
10585
10586
10591
10594
10597
10597
10599
10600
10602
10603
10604
10607
10607
10610
10610
10614
10616
10616
10620
10620
10624
10625
10626
10627
10632
10637
10637
10640
10658
10658
10663
10666
10669
10669
10671
10675
10677
10678
10678
10681
10681
10686
10688
10689
10692
10695
10697
10697
10700
10703
10705
10705
10709
10713
10713
10714
10714
10716
10722
10722
10725
10727
10728
10735
10737
10738
10741
10744
10744
10745
10751
10752
10752
10754
10760
10764
10766
10773
10774
10774
10775
10777
10780
10781
10787
10787
10794
10795
10798
10798
10802
10805
10809
10812
10813
10814
10814
10818
10823
10826
10839
10840
10841
10843
10844
10846
10862
10864
10871
10882
10888
10889
10890
10894
10896
10898
10904
10918
10921
10927
10931
10931
10937
10940
10942
10943
10946
10946
10949
10951
10952
10963
10963
10967
10968
10969
10980
10980
10981
10983
11002
11006
11010
11014
11019
11020
11025
11026
11026
11032
11037
11037
11047
11055
11058
11066
11069
11070
11074
11076
11081
11084
11084
11090
11093
11094
11096
11098
11102
11108
11114
11117
11121
11128
11130
11135
11156
11158
11159
11159
11163
11166
11171
11175
11176
11176
11186
11187
11190
11191
11199
11209
11215
11220
11227
11228
11228
11229
11233
11236
11236
11237
11242
11244
11253
11258
11262
11262
11266
11268
11270
11272
11281
11283
11284
11287
11288
11289
11297
11299
11308
11311
11314
11322
11323
11324
11328
11328
11336
11342
11359
11369
11374
11376
11376
11376
11379
11381
11388
11388
11389
11390
11394
11395
11397
11400
11409
11415
11417
11420
11423
11423
11424
11428
11429
11431
11435
11436
11437
11438
11441
11444
11448
11449
11455
11456
11460
11460
11462
11473
11480
11490
11495
11496
11499
11502
11502
11508
11509
11518
11519
11522
11522
11527
11528
11537
11537
11538
11539
11543
11545
11545
11549
11550
11552
11563
11574
11575
11578
11592
11592
11595
11599
11601
11604
11610
11619
11619
11624
11624
11626
11630
11633
11633
11634
11636
11648
11649
11651
11652
11665
11677
11677
11680
11681
11682
11686
11688
11697
11698
11701
11703
11708
11711
11711
11719
11723
11732
11734
11741
11742
11753
11756
11758
11762
11765
11774
11791
11794
11796
11799
11804
11809
11809
11810
11819
11825
11825
11828
11829
11830
11835
11846
11849
11850
11856
11861
11862
11866
11872
11878
11891
11892
11895
11895
11897
11902
11903
11909
11912
11913
11916
11918
11921
11921
11932
11933
11935
11936
11937
11937
11937
11944
11948
11950
11955
11956
11959
11966
11969
11970
11976
11979
11981
11982
11984
11984
11984
11985
11988
11993
11993
12005
12008
12023
12027
12043
12055
12061
12063
12068
12075
12075
12076
12078
12078
12079
12081
12081
12081
12083
12087
12090
12090
12095
12096
12101
12104
12114
12114
12117
12117
12117
12118
12123
12123
12126
12128
12131
12146
12149
12154
12162
12166
12167
12169
12170
12178
12178
12181
12182
12185
12195
12198
12198
12204
12204
12205
12207
12208
12209
12213
12218
12225
12227
12231
12252
12255
12257
12261
12268
12271
12272
12279
12288
12290
12291
12304
12314
12322
12322
12323
12324
12326
12336
12337
12341
12341
12342
12352
12355
12356
12358
12358
12362
12369
12371
12371
12376
12378
12379
12381
12383
12388
12389
12392
12397
12398
12404
12405
12407
12411
12411
12414
12417
12419
12421
12426
12427
12433
12434
12439
12439
12442
12443
12443
12445
12450
12452
12454
12454
12454
12459
12460
12461
12462
12473
12476
12479
12480
12482
12488
12492
12493
12494
12495
12496
12496
12504
12506
12509
12514
12525
12527
12528
12536
12537
12538
12540
12542
12548
12550
12552
12552
12555
12556
12556
12557
12559
12560
12561
12562
12564
12567
12567
12570
12570
12570
12574
12576
12580
12582
12590
12599
12601
12605
12605
12608
12610
12611
12613
12616
12620
12625
12629
12633
12635
12636
12637
12637
12641
12643
12649
12651
12654
12654
12664
12669
12670
12679
12688
12692
12694
12696
12697
12699
12701
12707
12707
12708
12713
12716
12717
12720
12723
12726
12728
12730
12732
12739
12741
12742
12743
12746
12750
12751
12752
12753
12761
12761
12762
12763
12764
12766
12767
12772
12776
12786
12787
12795
12796
12799
12803
12812
12814
12815
12816
12820
12821
12821
12822
12823
12826
12827
12832
12842
12850
12852
12861
12867
12870
12875
12893
12899
12899
12906
12912
12927
12930
12931
12931
12932
12932
12933
12934
12937
12945
12951
12952
12954
12955
12956
12957
12960
12965
12966
12967
12971
12972
12974
12977
12981
12985
12992
12994
13004
13007
13012
13013
13016
13016
13038
13045
13046
13054
13054
13054
13055
13057
13057
13061
13065
13070
13072
13073
13073
13075
13081
13083
13090
13092
13112
13115
13118
13124
13129
13133
13134
13141
13147
13149
13160
13163
13167
13181
13182
13189
13191
13192
13196
13202
13202
13205
13206
13206
13207
13208
13211
13212
13213
13218
13221
13227
13227
13229
13233
13237
13238
13243
13245
13246
13247
13250
13250
13258
13258
13261
13264
13268
13270
13280
13280
13281
13282
13287
13289
13291
13299
13299
13300
13301
13305
13311
13316
13316
13323
13323
13323
13325
13330
13330
13330
13332
13334
13340
13342
13343
13349
13351
13352
13355
13355
13362
13365
13367
13370
13374
13374
13377
13378
13381
13382
13389
13399
13405
13412
13413
13415
13418
13418
13419
13438
13440
13442
13442
13443
13447
13448
13450
13455
13457
13457
13461
13463
13466
13468
13469
13470
13472
13481
13489
13490
13490
13492
13496
13497
13503
13504
13510
13512
13512
13516
13519
13522
13537
13544
13547
13551
13552
13554
13558
13563
13566
13567
13568
13574
13576
13582
13582
13583
13589
13592
13600
13603
13606
13606
13608
13610
13620
13622
13625
13625
13635
13645
13647
13650
13661
13665
13666
13668
13675
13691
13692
13696
13698
13699
13700
13701
13702
13705
13710
13713
13713
13714
13715
13715
13718
13723
13726
13729
13731
13742
13745
13755
13756
13757
13761
13763
13764
13766
13769
13785
13786
13787
13789
13794
13800
13800
13807
13815
13815
13820
13822
13825
13829
13832
13833
13842
13845
13862
13865
13865
13866
13867
13870
13877
13879
13881
13884
13886
13886
13887
13889
13889
13889
13894
13900
13900
13900
13903
13911
13917
13917
13926
13926
13931
13936
13937
13939
13939
13940
13942
13944
13946
13946
13955
13958
13959
13963
13964
13972
13975
13990
13991
13993
14000
14007
14007
14012
14015
14018
14019
14020
14021
14025
14028
14029
14033
14044
14044
14057
14058
14061
14061
14070
14070
14071
14071
14072
14075
14075
14078
14089
14090
14093
14100
14107
14107
14109
14115
14115
14121
14123
14123
14128
14144
14145
14145
14145
14149
14150
14155
14155
14158
14159
14160
14161
14164
14169
14175
14176
14176
14185
14190
14192
14195
14198
14199
14199
14202
14203
14203
14205
14209
14213
14214
14217
14218
14221
14223
14224
14227
14228
14232
14233
14239
14244
14245
14245
14256
14268
14268
14276
14277
14297
14298
14301
14308
14308
14311
14312
14313
14318
14321
14322
14323
14325
14330
14334
14334
14343
14344
14345
14348
14349
14349
14350
14350
14352
14356
14358
14361
14371
14372
14375
14375
14380
14386
14398
14404
14406
14407
14407
14409
14413
14415
14416
14416
14417
14417
14419
14423
14425
14425
14427
14428
14429
14435
14443
14445
14450
14454
14454
14458
14460
14464
14464
14467
14470
14472
14473
14474
14475
14484
14493
14494
14498
14499
14500
14502
14502
14507
14508
14512
14512
14513
14515
14515
14516
14521
14528
14528
14529
14533
14536
14537
14538
14539
14539
14542
14543
14543
14543
14544
14544
14546
14550
14556
14560
14560
14562
14569
14569
14572
14580
14584
14585
14586
14587
14595
14602
14603
14621
14622
14622
14625
14626
14634
14637
14639
14640
14643
14647
14654
14660
14660
14661
14662
14665
14668
14669
14669
14674
14679
14682
14683
14689
14689
14697
14705
14716
14719
14722
14725
14727
14730
14730
14739
14743
14754
14756
14760
14762
14766
14774
14774
14776
14780
14783
14788
14790
14792
14800
14803
14806
14810
14816
14819
14819
14822
14825
14827
14832
14835
14851
14853
14855
14856
14861
14863
14865
14869
14870
14873
14875
14880
14884
14887
14891
14898
14907
14908
14909
14917
14919
14920
14922
14925
14926
14926
14931
14936
14939
14939
14941
14941
14944
14946
14954
14959
14965
14970
14974
14979
14987
14990
14998
15004
15007
15009
15012
15016
15020
15030
15031
15034
15036
15050
15051
15075
15078
15079
15079
15079
15080
15086
15087
15092
15098
15101
15105
15107
15108
15114
15116
15116
15121
15122
15122
15123
15125
15129
15138
15138
15139
15139
15140
15150
15150
15150
15158
15165
15167
15174
15183
15184
15186
15195
15196
15197
15202
15203
15203
15203
15205
15207
15208
15214
15219
15229
15232
15234
15243
15243
15250
15251
15255
15256
15256
15260
15261
15265
15267
15276
15281
15282
15285
15286
15287
15288
15288
15290
15297
15298
15301
15317
15319
15322
15323
15327
15331
15333
15335
15336
15337
15340
15341
15346
15347
15361
15362
15366
15366
15368
15368
15371
15379
15381
15384
15384
15388
15394
15402
15411
15413
15424
15429
15429
15430
15431
15433
15433
15439
15445
15445
15448
15449
15449
15453
15454
15464
15469
15473
15478
15485
15487
15489
15500
15504
15504
15509
15518
15519
15523
15524
15526
15527
15531
15533
15539
15543
15543
15553
15553
15558
15558
15562
15565
15569
15572
15575
15576
15583
15592
15594
15594
15596
15598
15599
15606
15612
15613
15613
15613
15615
15615
15622
15628
15628
15629
15633
15634
15635
15637
15649
15653
15669
15681
15684
15685
15686
15688
15693
15694
15695
15697
15698
15700
15704
15713
15719
15720
15723
15727
15727
15734
15743
15745
15756
15758
15760
15773
15774
15778
15779
15780
15782
15785
15785
15790
15792
15800
15804
15808
15814
15815
15821
15823
15829
15831
15845
15849
15851
15855
15855
15858
15859
15865
15867
15868
15869
15872
15875
15875
15879
15879
15881
15883
15884
15888
15888
15891
15891
15892
15893
15899
15902
15903
15907
15909
15913
15917
15917
15923
15928
15928
15931
15935
15937
15941
15944
15946
15947
15953
15954
15955
15955
15967
15974
15981
15991
15991
15993
15998
16000
16001
16005
16005
16008
16011
16013
16017
16021
16024
16036
16043
16044
16056
16057
16066
16067
16069
16070
16070
16073
16075
16089
16089
16090
16091
16094
16095
16095
16098
16101
16102
16107
16115
16135
16136
16138
16139
16140
16141
16143
16143
16145
16148
16148
16151
16160
16160
16161
16162
16162
16165
16168
16170
16171
16172
16174
16175
16183
16183
16190
16195
16195
16204
16204
16210
16216
16224
16235
16238
16245
16247
16252
16255
16261
16262
16263
16267
16280
16287
16290
16290
16292
16293
16294
16299
16306
16307
16309
16314
16315
16317
16318
16319
16327
16330
16333
16335
16355
16363
16370
16373
16375
16376
16379
16385
16387
16387
16392
16392
16393
16395
16398
16402
16402
16405
16405
16407
16419
16421
16421
16422
16422
16423
16424
16425
16428
16431
16435
16441
16445
16451
16451
16460
16460
16464
16467
16468
16469
16480
16481
16495
16499
16505
16507
16508
16509
16522
16525
16525
16527
16530
16534
16536
16536
16539
16542
16542
16548
16550
16558
16566
16585
16588
16591
16593
16599
16623
16625
16629
16630
16630
16631
16633
16634
16635
16636
16638
16641
16647
16651
16651
16654
16658
16659
16662
16663
16666
16673
16673
16682
16686
16694
16695
16701
16704
16704
16705
16706
16711
16719
16721
16724
16727
16729
16734
16736
16737
16738
16743
16752
16752
16754
16754
16767
16768
16769
16771
16772
16773
16777
16781
16786
16788
16795
16798
16798
16810
16818
16818
16819
16828
16831
16844
16844
16844
16845
16848
16853
16858
16863
16865
16867
16871
16873
16881
16883
16891
16891
16892
16899
16899
16899
16906
16911
16913
16926
16929
16931
16942
16946
16948
16949
16956
16956
16958
16958
16959
16963
16968
16972
16978
16980
16981
16981
16986
16989
16990
16991
16997
17000
17001
17005
17006
17010
17014
17014
17018
17018
17019
17020
17023
17028
17033
17036
17037
17044
17044
17045
17047
17047
17049
17056
17064
17068
17071
17077
17078
17079
17080
17082
17086
17089
17096
17101
17103
17105
17107
17111
17121
17121
17124
17130
17134
17138
17145
17148
17151
17155
17158
17166
17174
17179
17187
17189
17197
17200
17202
17209
17209
17211
17212
17213
17217
17219
17225
17233
17238
17238
17243
17245
17265
17265
17270
17273
17282
17282
17282
17285
17295
17297
17303
17305
17310
17310
17316
17317
17318
17323
17324
17326
17327
17328
17329
17334
17336
17336
17337
17339
17345
17348
17350
17354
17357
17366
17366
17372
17372
17376
17379
17388
17389
17393
17396
17397
17397
17400
17402
17404
17404
17406
17407
17408
17409
17416
17416
17420
17426
17431
17432
17432
17433
17436
17437
17439
17448
17450
17454
17461
17462
17465
17469
17480
17481
17482
17484
17485
17490
17491
17492
17493
17494
17496
17505
17508
17512
17515
17526
17527
17532
17536
17540
17540
17541
17544
17544
17545
17545
17549
17558
17560
17560
17568
17570
17573
17574
17578
17583
17585
17586
17587
17587
17593
17596
17609
17616
17620
17621
17626
17627
17627
17628
17632
17632
17637
17637
17638
17644
17644
17648
17658
17658
17661
17663
17664
17665
17666
17667
17667
17669
17669
17670
17674
17683
17686
17692
17693
17693
17694
17703
17706
17713
17717
17722
17725
17726
17731
17732
17734
17735
17735
17737
17737
17737
17739
17740
17740
17741
17745
17746
17756
17757
17758
17763
17775
17776
17782
17795
17795
17798
17799
17802
17805
17810
17812
17816
17817
17820
17820
17825
17830
17830
17830
17833
17833
17835
17838
17843
17846
17848
17853
17855
17864
17865
17866
17867
17873
17874
17877
17885
17886
17886
17891
17895
17895
17896
17909
17914
17916
17917
17917
17918
17923
17930
17935
17939
17940
17944
17945
17950
17951
17951
17956
17957
17957
17962
17963
17964
17966
17966
17967
17968
17969
17971
17971
17973
17973
17975
17980
17985
17988
17998
18001
18008
18013
18013
18014
18016
18019
18022
18025
18030
18035
18036
18037
18039
18042
18044
18045
18047
18049
18052
18053
18054
18055
18062
18062
18062
18070
18071
18073
18076
18079
18083
18084
18086
18094
18094
18098
18099
18105
18106
18108
18108
18112
18116
18121
18122
18127
18128
18137
18141
18141
18145
18147
18149
18150
18154
18159
18160
18166
18166
18168
18170
18170
18176
18184
18185
18191
18192
18195
18199
18200
18200
18203
18205
18211
18212
18213
18217
18230
18235
18235
18235
18237
18240
18241
18251
18254
18255
18259
18262
18264
18265
18270
18271
18280
18285
18286
18286
18289
18293
18295
18295
18298
18300
18306
18310
18315
18324
18345
18345
18346
18349
18352
18360
18364
18365
18367
18369
18373
18379
18380
18382
18382
18392
18394
18398
18399
18401
18405
18418
18420
18434
18435
18437
18439
18440
18443
18444
18447
18449
18452
18457
18459
18459
18466
18470
18470
18474
18476
18480
18481
18482
18485
18488
18491
18491
18497
18502
18503
18503
18504
18506
18514
18514
18515
18521
18521
18521
18527
18530
18531
18532
18535
18538
18542
18547
18547
18549
18550
18552
18556
18565
18566
18568
18570
18570
18570
18576
18577
18580
18603
18605
18611
18613
18615
18617
18619
18626
18627
18630
18633
18636
18638
18639
18647
18649
18655
18664
18665
18667
18667
18668
18669
18671
18673
18675
18683
18687
18689
18689
18691
18692
18693
18695
18707
18716
18717
18718
18723
18736
18739
18746
18747
18748
18749
18753
18757
18758
18762
18763
18765
18766
18767
18768
18778
18780
18783
18789
18790
18790
18791
18795
18796
18796
18798
18805
18810
18811
18812
18814
18819
18821
18823
18832
18837
18837
18840
18856
18861
18864
18866
18868
18870
18881
18884
18896
18898
18898
18900
18905
18907
18907
18910
18914
18916
18921
18921
18921
18922
18922
18923
18924
18926
18931
18931
18931
18934
18935
18936
18939
18944
18946
18958
18958
18959
18967
18968
18969
18974
18975
18979
18979
18992
18993
18993
18994
18999
19001
19004
19006
19009
19016
19018
19025
19028
19034
19040
19042
19043
19048
19048
19048
19050
19052
19059
19062
19063
19067
19072
19080
19081
19084
19084
19088
19090
19093
19094
19098
19099
19105
19107
19109
19109
19109
19110
19111
19112
19113
19113
19113
19117
19117
19118
19119
19121
19122
19131
19149
19150
19152
19152
19153
19155
19159
19167
19167
19168
19169
19170
19174
19176
19181
19193
19197
19201
19205
19206
19215
19223
19226
19234
19235
19237
19237
19240
19241
19241
19241
19242
19247
19254
19257
19259
19260
19278
19285
19295
19295
19297
19308
19309
19312
19313
19318
19318
19322
19325
19333
19333
19349
19350
19358
19358
19365
19373
19375
19376
19376
19377
19378
19380
19380
19389
19389
19412
19417
19420
19426
19452
19458
19461
19464
19466
19468
19469
19471
19471
19476
19478
19478
19481
19483
19483
19484
19492
19492
19493
19496
19497
19498
19499
19500
19503
19506
19512
19512
19514
19523
19523
19525
19528
19528
19529
19535
19541
19542
19543
19546
19552
19555
19558
19563
19565
19566
19567
19568
19573
19576
19576
19583
19583
19584
19605
19608
19609
19611
19615
19615
19621
19622
19627
19629
19638
19638
19641
19642
19649
19652
19654
19657
19658
19659
19667
19671
19674
19678
19678
19679
19683
19683
19684
19686
19688
19690
19692
19697
19702
19713
19713
19714
19717
19717
19718
19724
19728
19732
19736
19741
19741
19743
19748
19755
19769
19773
19778
19779
19785
19786
19794
19795
19800
19800
19804
19816
19818
19828
19832
19834
19838
19840
19842
19853
19853
19867
19868
19870
19872
19872
19876
19878
19880
19887
19888
19891
19892
19903
19910
19911
19913
19916
19918
19924
19930
19932
19938
19942
19944
19947
19948
19950
19954
19954
19954
19957
19960
19964
19965
19966
19974
19979
19979
19988
19994
19997
20006
20008
20010
20011
20012
20013
20013
20016
20024
20025
20030
20036
20036
20044
20045
20045
20060
20060
20065
20066
20067
20068
20075
20078
20082
20086
20087
20088
20090
20092
20092
20095
20101
20108
20116
20120
20126
20147
20152
20156
20157
20159
20168
20176
20180
20189
20193
20197
20198
20207
20210
20214
20215
20216
20217
20223
20235
20240
20242
20243
20246
20246
20247
20252
20256
20266
20268
20270
20274
20275
20277
20279
20283
20284
20284
20284
20284
20285
20296
20302
20302
20311
20322
20324
20330
20335
20336
20345
20346
20348
20350
20350
20352
20356
20361
20365
20366
20367
20369
20372
20373
20375
20377
20380
20394
20399
20403
20415
20415
20416
20419
20419
20425
20431
20437
20438
20444
20446
20448
20450
20451
20452
20452
20453
20458
20459
20462
20463
20464
20471
20476
20477
20481
20484
20488
20489
20492
20493
20497
20498
20500
20505
20509
20510
20513
20514
20514
20516
20527
20528
20530
20531
20534
20534
20539
20540
20545
20545
20548
20548
20555
20558
20564
20569
20569
20572
20574
20574
20576
20577
20579
20580
20581
20585
20587
20588
20589
20590
20591
20594
20598
20599
20599
20607
20613
20615
20617
20618
20618
20622
20623
20623
20629
20632
20635
20635
20637
20639
20645
20646
20652
20654
20655
20658
20659
20662
20663
20669
20670
20671
20675
20680
20680
20685
20686
20688
20690
20693
20697
20706
20711
20713
20714
20715
20731
20732
20733
20734
20740
20743
20750
20752
20754
20754
20756
20757
20762
20767
20768
20775
20780
20780
20783
20784
20786
20786
20788
20792
20793
20795
20797
20798
20800
20800
20800
20804
20807
20809
20811
20819
20820
20830
20834
20840
20844
20845
20855
20862
20863
20865
20865
20867
20868
20869
20870
20871
20875
20890
20891
20898
20903
20906
20913
20919
20921
20924
20924
20926
20928
20930
20934
20938
20953
20954
20957
20958
20958
20958
20964
20965
20967
20968
20968
20970
20971
20972
20978
20982
20986
20988
20994
21000
21002
21010
21016
21016
21019
21020
21024
21032
21041
21044
21045
21048
21052
21052
21057
21065
21069
21070
21077
21078
21078
21084
21086
21089
21089
21096
21096
21096
21097
21109
21109
21109
21111
21112
21115
21120
21131
21132
21135
21143
21149
21150
21151
21157
21157
21158
21160
21162
21162
21167
21173
21174
21182
21182
21183
21184
21189
21195
21196
21197
21198
21205
21206
21214
21215
21217
21221
21223
21223
21226
21236
21236
21236
21238
21238
21239
21244
21254
21254
21258
21258
21268
21271
21278
21282
21287
21288
21301
21312
21315
21316
21320
21323
21323
21325
21326
21328
21332
21339
21344
21346
21349
21354
21358
21368
21368
21377
21381
21382
21386
21390
21394
21397
21400
21401
21406
21408
21409
21412
21413
21413
21414
21416
21420
21421
21425
21431
21435
21441
21442
21445
21448
21448
21449
21453
21456
21459
21460
21462
21462
21462
21472
21475
21478
21482
21482
21482
21487
21489
21489
21489
21489
21491
21494
21500
21504
21504
21518
21520
21522
21522
21536
21538
21552
21560
21562
21562
21566
21568
21573
21575
21576
21583
21586
21587
21589
21589
21590
21601
21603
21609
21615
21620
21628
21632
21638
21638
21640
21642
21656
21667
21668
21673
21676
21681
21681
21682
21683
21683
21685
21690
21696
21697
21698
21700
21700
21704
21706
21706
21707
21709
21709
21713
21717
21726
21729
21730
21730
21731
21731
21737
21741
21744
21744
21747
21749
21751
21755
21755
21759
21761
21766
21767
21770
21780
21780
21782
21783
21792
21793
21803
21803
21813
21813
21817
21819
21825
21825
21832
21834
21835
21841
21845
21846
21848
21851
21856
21865
21866
21870
21870
21876
21876
21882
21886
21890
21894
21899
21900
21901
21905
21911
21915
21918
21919
21923
21932
21935
21935
21936
21941
21942
21946
21950
21950
21951
21952
21956
21956
21961
21971
21972
21973
21978
21979
21988
21988
21991
21996
21997
21999
22002
22006
22012
22014
22017
22018
22023
22025
22026
22033
22035
22035
22042
22045
22051
22053
22057
22065
22067
22069
22073
22075
22077
22078
22090
22090
22092
22093
22094
22098
22105
22108
22111
22112
22114
22115
22115
22117
22120
22122
22125
22126
22128
22139
22142
22142
22144
22145
22152
22153
22155
22155
22157
22157
22158
22161
22162
22165
22167
22171
22173
22182
22185
22188
22196
22197
22197
22200
22201
22202
22203
22206
22208
22208
22209
22213
22214
22214
22217
22218
22219
22227
22229
22236
22238
22242
22244
22249
22249
22250
22252
22253
22256
22262
22263
22263
22264
22266
22268
22270
22274
22278
22279
22281
22281
22287
22289
22290
22291
22291
22292
22299
22300
22301
22304
22305
22308
22308
22310
22313
22320
22326
22328
22333
22334
22337
22337
22338
22338
22341
22352
22356
22358
22360
22360
22362
22362
22377
22386
22388
22389
22394
22395
22396
22398
22399
22402
22404
22408
22414
22414
22426
22427
22430
22441
22445
22447
22450
22450
22452
22452
22454
22456
22458
22460
22467
22470
22480
22486
22494
22497
22498
22518
22520
22526
22527
22533
22535
22539
22539
22540
22541
22542
22543
22549
22549
22551
22552
22553
22553
22560
22571
22573
22576
22581
22582
22583
22585
22587
22588
22594
22595
22604
22605
22607
22619
22622
22624
22625
22637
22640
22650
22650
22650
22656
22658
22662
22662
22672
22672
22681
22684
22693
22695
22696
22696
22700
22705
22706
22709
22711
22712
22715
22716
22725
22726
22730
22734
22735
22746
22748
22753
22754
22755
22757
22759
22760
22766
22769
22772
22782
22783
22785
22786
22786
22787
22792
22794
22795
22798
22807
22814
22816
22818
22825
22828
22830
22832
22835
22842
22846
22846
22847
22847
22847
22848
22849
22851
22856
22858
22858
22860
22864
22865
22868
22869
22871
22872
22873
22875
22877
22877
22881
22882
22887
22888
22889
22889
22890
22893
22895
22895
22897
22901
22904
22909
22909
22911
22913
22914
22918
22919
22922
22922
22924
22927
22936
22937
22945
22945
22948
22952
22958
22964
22964
22968
22972
22977
22978
22982
22983
22984
22991
22994
22998
22999
23000
23012
23014
23015
23016
23021
23021
23025
23027
23033
23034
23034
23040
23040
23041
23044
23044
23046
23050
23051
23054
23057
23057
23057
23059
23065
23066
23067
23068
23072
23073
23074
23075
23076
23077
23089
23089
23090
23092
23092
23094
23098
23100
23107
23107
23108
23108
23117
23117
23118
23121
23123
23124
23125
23132
23142
23142
23145
23146
23147
23148
23150
23163
23169
23171
23173
23174
23181
23184
23185
23195
23196
23198
23203
23204
23206
23208
23213
23215
23215
23215
23217
23219
23223
23227
23229
23232
23233
23240
23241
23241
23242
23243
23248
23248
23252
23255
23256
23263
23264
23264
23267
23276
23279
23281
23283
23284
23295
23297
23299
23300
23300
23301
23302
23306
23306
23314
23314
23317
23318
23320
23331
23336
23338
23342
23343
23343
23344
23349
23350
23352
23352
23354
23355
23355
23363
23363
23367
23367
23368
23370
23374
23378
23383
23388
23389
23396
23396
23403
23406
23406
23407
23425
23425
23426
23431
23432
23433
23433
23435
23436
23438
23439
23441
23442
23446
23451
23453
23456
23458
23458
23461
23463
23463
23465
23467
23469
23473
23489
23501
23503
23505
23506
23507
23510
23512
23515
23516
23517
23519
23520
23541
23543
23550
23551
23555
23559
23561
23562
23563
23572
23576
23583
23583
23587
23589
23592
23598
23604
23604
23607
23607
23615
23615
23619
23629
23646
23648
23649
23654
23655
23656
23670
23671
23676
23676
23681
23685
23685
23687
23688
23690
23702
23704
23710
23712
23718
23722
23728
23729
23732
23735
23736
23737
23739
23741
23743
23751
23753
23753
23754
23755
23755
23759
23761
23762
23763
23764
23765
23769
23770
23772
23776
23785
23789
23790
23794
23795
23796
23801
23802
23802
23811
23813
23815
23817
23822
23828
23833
23841
23848
23853
23854
23858
23868
23869
23872
23872
23874
23888
23889
23893
23895
23903
23903
23906
23906
23907
23915
23915
23916
23921
23923
23925
23933
23934
23935
23937
23938
23944
23945
23945
23947
23949
23953
23953
23955
23956
23965
23967
23967
23969
23973
23975
23976
23982
23982
23984
23989
23995
24000
24002
24002
24004
24010
24020
24022
24026
24026
24028
24037
24039
24040
24042
24049
24054
24059
24065
24067
24068
24070
24078
24079
24083
24083
24084
24087
24090
24093
24094
24094
24098
24102
24103
24103
24103
24105
24105
24113
24115
24116
24117
24118
24119
24121
24122
24123
24125
24128
24131
24133
24135
24138
24139
24141
24145
24147
24149
24152
24154
24154
24156
24156
24161
24164
24170
24171
24172
24173
24174
24175
24179
24185
24189
24190
24192
24194
24194
24199
24201
24202
24203
24207
24209
24211
24214
24214
24215
24221
24224
24233
24236
24240
24248
24251
24258
24259
24262
24264
24269
24273
24284
24289
24289
24313
24314
24318
24319
24320
24329
24331
24333
24334
24339
24339
24341
24341
24344
24345
24348
24350
24356
24370
24375
24383
24385
24389
24392
24392
24397
24398
24400
24400
24412
24413
24414
24417
24419
24427
24466
24467
24472
24474
24477
24481
24486
24488
24491
24493
24496
24506
24506
24510
24513
24521
24523
24533
24536
24540
24541
24541
24545
24550
24551
24554
24559
24565
24566
24570
24570
24570
24572
24575
24575
24580
24583
24586
24588
24592
24596
24604
24604
24605
24608
24613
24614
24619
24619
24622
24623
24631
24634
24644
24646
24650
24650
24652
24665
24670
24679
24679
24685
24685
24694
24694
24695
24696
24704
24712
24712
24713
24714
24726
24728
24730
24731
24734
24734
24735
24744
24757
24758
24760
24763
24764
24767
24772
24777
24778
24778
24779
24790
24792
24792
24799
24805
24805
24815
24815
24817
24817
24825
24835
24845
24846
24848
24851
24853
24857
24867
24869
24870
24870
24878
24880
24882
24882
24884
24885
24888
24892
24898
24899
24907
24912
24916
24916
24919
24924
24925
24929
24929
24932
24936
24936
24937
24942
24942
24943
24950
24953
24958
24964
24967
24967
24983
24990
24991
24997
25000
25000
25004
25011
25013
25013
25016
25017
25019
25037
25040
25044
25046
25048
25052
25055
25056
25056
25061
25062
25062
25063
25067
25070
25072
25073
25080
25081
25083
25083
25085
25087
25096
25097
25098
25105
25112
25115
25117
25117
25119
25123
25125
25125
25126
25136
25142
25143
25147
25148
25153
25161
25164
25168
25169
25169
25175
25175
25176
25179
25180
25185
25187
25190
25190
25191
25192
25194
25196
25198
25202
25205
25206
25207
25213
25217
25217
25223
25223
25230
25234
25236
25239
25242
25243
25247
25247
25256
25259
25270
25275
25277
25287
25289
25292
25302
25303
25309
25309
25309
25312
25314
25316
25320
25323
25324
25330
25333
25334
25337
25341
25346
25349
25351
25354
25363
25381
25384
25385
25385
25388
25388
25389
25391
25392
25392
25397
25404
25404
25406
25406
25410
25411
25411
25414
25416
25420
25421
25424
25426
25432
25432
25432
25436
25444
25446
25446
25449
25450
25451
25454
25456
25462
25466
25471
25471
25472
25473
25475
25476
25477
25477
25482
25482
25482
25485
25486
25490
25500
25506
25508
25509
25509
25513
25518
25518
25519
25527
25528
25533
25534
25544
25547
25547
25548
25552
25554
25555
25561
25563
25566
25567
25568
25570
25572
25576
25580
25581
25582
25584
25585
25585
25585
25587
25590
25594
25596
25596
25599
25610
25612
25613
25614
25618
25626
25626
25627
25635
25640
25642
25645
25646
25647
25650
25652
25658
25666
25667
25677
25680
25685
25687
25688
25690
25692
25701
25705
25706
25717
25717
25717
25719
25721
25726
25727
25728
25728
25730
25735
25739
25742
25744
25747
25750
25753
25754
25754
25757
25761
25762
25764
25771
25774
25775
25776
25778
25779
25788
25791
25793
25798
25800
25805
25810
25813
25814
25814
25815
25818
25827
25836
25840
25846
25847
25850
25855
25862
25866
25871
25878
25881
25901
25905
25911
25912
25913
25915
25917
25918
25921
25922
25936
25938
25942
25949
25956
25959
25959
25962
25966
25968
25969
25977
25978
25986
25991
25995
25998
26000
26001
26003
26004
26007
26010
26016
26017
26018
26025
26026
26029
26029
26033
26034
26034
26034
26035
26039
26040
26041
26050
26059
26059
26061
26064
26065
26067
26080
26090
26090
26096
26098
26098
26100
26103
26104
26106
26107
26109
26113
26114
26121
26126
26127
26129
26129
26133
26136
26147
26149
26149
26153
26154
26156
26156
26160
26167
26168
26169
26171
26171
26177
26181
26183
26183
26190
26190
26192
26203
26208
26212
26212
26220
26221
26222
26223
26230
26233
26235
26237
26243
26249
26255
26260
26262
26262
26268
26270
26281
26288
26289
26291
26292
26294
26295
26305
26306
26307
26307
26308
26311
26311
26317
26324
26334
26336
26339
26341
26344
26344
26348
26349
26349
26358
26360
26363
26364
26366
26368
26368
26376
26383
26383
26389
26390
26390
26391
26401
26403
26407
26409
26409
26415
26420
26421
26421
26428
26430
26432
26439
26451
26462
26462
26468
26470
26482
26487
26488
26491
26493
26493
26494
26496
26499
26499
26501
26520
26524
26528
26530
26531
26532
26533
26535
26535
26537
26544
26551
26554
26563
26566
26569
26570
26574
26575
26579
26585
26590
26595
26597
26599
26603
26609
26615
26621
26624
26635
26635
26635
26637
26642
26643
26644
26647
26650
26657
26657
26658
26666
26667
26668
26673
26675
26678
26683
26688
26690
26690
26692
26692
26693
26698
26699
26701
26702
26704
26716
26722
26727
26732
26740
26749
26752
26755
26755
26755
26759
26765
26772
26773
26775
26775
26782
26784
26788
26789
26792
26795
26807
26808
26809
26812
26815
26818
26822
26825
26830
26837
26839
26839
26843
26846
26854
26857
26863
26865
26868
26870
26880
26881
26882
26884
26885
26888
26896
26896
26899
26899
26912
26914
26920
26922
26923
26924
26926
26928
26934
26936
26940
26941
26946
26948
26950
26951
26957
26958
26958
26959
26961
26965
26969
26970
26975
26977
26983
26984
26984
26993
26994
26998
27004
27004
27006
27007
27007
27013
27014
27015
27015
27017
27018
27023
27024
27026
27028
27030
27043
27047
27048
27052
27059
27060
27073
27073
27073
27075
27078
27078
27080
27081
27093
27094
27094
27101
27102
27110
27111
27112
27114
27122
27126
27130
27131
27133
27134
27140
27147
27151
27151
27152
27153
27156
27158
27165
27169
27170
27174
27180
27182
27185
27188
27189
27194
27196
27198
27199
27201
27208
27209
27214
27221
27225
27232
27237
27244
27253
27254
27265
27268
27269
27270
27274
27278
27283
27289
27294
27296
27298
27304
27309
27317
27321
27323
27324
27325
27325
27331
27332
27336
27337
27337
27339
27342
27343
27351
27359
27362
27363
27364
27366
27369
27372
27379
27380
27382
27384
27386
27388
27392
27393
27396
27397
27401
27404
27418
27420
27421
27431
27437
27439
27446
27447
27452
27452
27454
27455
27471
27474
27475
27477
27485
27488
27492
27494
27496
27501
27504
27505
27506
27512
27513
27515
27522
27529
27530
27537
27543
27544
27550
27553
27558
27558
27560
27564
27570
27575
27577
27581
27585
27585
27592
27601
27604
27608
27610
27611
27615
27618
27620
27621
27622
27622
27629
27631
27638
27639
27649
27653
27659
27661
27666
27666
27669
27669
27670
27671
27676
27676
27679
27680
27682
27684
27685
27687
27690
27692
27692
27697
27699
27701
27704
27706
27706
27709
27712
27713
27714
27723
27726
27731
27732
27734
27735
27738
27741
27741
27744
27748
27749
27758
27759
27761
27762
27763
27763
27767
27767
27770
27772
27776
27777
27780
27782
27787
27789
27789
27793
27793
27793
27799
27800
27802
27804
27810
27811
27812
27816
27819
27822
27827
27833
27834
27834
27851
27855
27857
27859
27862
27863
27875
27883
27891
27895
27895
27896
27896
27897
27898
27902
27902
27903
27904
27905
27910
27921
27926
27927
27929
27934
27935
27936
27937
27938
27944
27949
27950
27952
27953
27954
27954
27955
27960
27962
27963
27964
27964
27970
27975
27975
27975
27979
27980
27988
27989
27995
27997
28002
28003
28004
28014
28015
28015
28021
28025
28028
28030
28032
28032
28033
28037
28043
28049
28064
28070
28074
28082
28084
28084
28086
28087
28088
28090
28099
28103
28103
28105
28127
28130
28132
28132
28134
28146
28150
28151
28154
28175
28176
28179
28181
28189
28194
28199
28199
28201
28203
28206
28208
28208
28213
28214
28215
28216
28218
28220
28225
28229
28239
28241
28244
28245
28248
28250
28251
28257
28259
28259
28260
28260
28264
28264
28276
28284
28294
28294
28305
28306
28308
28310
28313
28314
28314
28319
28320
28323
28323
28327
28330
28335
28336
28341
28346
28348
28349
28349
28350
28351
28361
28362
28363
28366
28369
28370
28371
28373
28374
28375
28380
28381
28394
28397
28400
28401
28403
28403
28407
28411
28412
28416
28420
28425
28427
28427
28429
28429
28430
28430
28431
28433
28434
28435
28435
28436
28437
28438
28440
28444
28446
28446
28448
28448
28450
28451
28458
28463
28465
28479
28482
28486
28492
28494
28497
28497
28502
28504
28504
28505
28507
28515
28519
28522
28525
28527
28535
28539
28540
28548
28550
28551
28553
28561
28562
28564
28566
28568
28570
28572
28573
28575
28581
28583
28584
28585
28590
28590
28590
28591
28592
28592
28595
28597
28610
28612
28616
28617
28618
28620
28621
28621
28622
28628
28629
28635
28637
28638
28641
28645
28646
28650
28651
28652
28652
28654
28660
28672
28674
28676
28680
28681
28683
28684
28695
28696
28699
28713
28713
28713
28715
28719
28725
28726
28731
28738
28743
28743
28746
28749
28753
28754
28757
28763
28769
28770
28772
28773
28776
28776
28777
28782
28785
28787
28790
28796
28800
28800
28803
28803
28808
28811
28812
28815
28818
28820
28826
28827
28832
28834
28839
28842
28846
28846
28850
28857
28865
28865
28866
28869
28874
28874
28877
28881
28882
28883
28885
28889
28895
28896
28898
28900
28901
28910
28914
28915
28917
28919
28932
28937
28938
28939
28941
28949
28949
28956
28961
28964
28964
28965
28965
28969
28971
28971
28980
28981
28983
28987
28989
28990
28993
28995
28996
28998
28999
29000
29006
29008
29012
29015
29016
29021
29021
29024
29030
29031
29035
29037
29039
29040
29042
29044
29045
29046
29053
29057
29062
29067
29070
29072
29075
29076
29080
29082
29082
29088
29091
29092
29101
29102
29113
29113
29120
29120
29121
29125
29126
29133
29133
29147
29147
29148
29150
29152
29156
29160
29171
29171
29172
29178
29180
29182
29185
29186
29198
29203
29205
29207
29210
29212
29215
29221
29223
29227
29230
29231
29235
29241
29241
29251
29263
29265
29266
29267
29267
29270
29270
29274
29276
29277
29280
29281
29286
29286
29292
29294
29294
29296
29298
29299
29301
29306
29308
29316
29318
29322
29323
29323
29324
29324
29326
29327
29331
29331
29332
29340
29354
29377
29378
29381
29383
29384
29401
29410
29411
29417
29423
29430
29430
29432
29434
29435
29439
29446
29447
29454
29455
29461
29461
29472
29476
29490
29493
29498
29504
29507
29508
29508
29508
29511
29515
29518
29526
29528
29531
29541
29543
29547
29556
29559
29563
29563
29565
29569
29571
29572
29573
29573
29574
29576
29576
29587
29587
29588
29589
29590
29595
29600
29601
29602
29603
29603
29605
29607
29607
29612
29613
29613
29630
29632
29637
29640
29642
29645
29646
29654
29663
29668
29669
29672
29679
29687
29688
29691
29692
29697
29699
29702
29706
29712
29715
29716
29740
29747
29749
29749
29749
29753
29758
29764
29768
29771
29780
29782
29787
29789
29790
29794
29796
29796
29796
29799
29802
29808
29812
29817
29821
29822
29830
29832
29832
29832
29837
29838
29846
29846
29847
29849
29852
29856
29866
29869
29871
29871
29877
29880
29880
29882
29882
29884
29887
29888
29890
29891
29892
29904
29920
29924
29924
29927
29931
29933
29937
29938
29942
29944
29946
29946
29947
29949
29954
29955
29957
29958
29960
29965
29965
29966
29967
29971
29981
29984
29985
29986
29987
29987
29988
29988
29989
29992
29995
29999
30003
30003
30003
30013
30016
30021
30021
30024
30030
30041
30043
30043
30049
30050
30051
30057
30058
30065
30069
30070
30071
30071
30072
30073
30082
30086
30092
30094
30097
30110
30116
30119
30122
30130
30135
30138
30139
30139
30140
30141
30142
30142
30142
30143
30144
30146
30151
30155
30157
30160
30165
30167
30169
30172
30177
30177
30179
30182
30186
30187
30191
30193
30197
30198
30203
30204
30205
30206
30208
30215
30217
30217
30223
30224
30224
30227
30234
30234
30237
30244
30246
30250
30255
30256
30256
30264
30265
30266
30271
30271
30272
30279
30283
30283
30286
30286
30291
30295
30296
30300
30307
30315
30317
30317
30321
30321
30322
30328
30329
30332
30354
30361
30362
30364
30364
30368
30372
30375
30376
30379
30387
30388
30391
30395
30404
30408
30408
30410
30421
30424
30438
30441
30448
30453
30456
30457
30466
30469
30476
30481
30486
30486
30487
30493
30493
30496
30503
30505
30509
30514
30514
30516
30518
30521
30521
30522
30525
30529
30537
30540
30546
30546
30547
30549
30550
30551
30552
30556
30558
30560
30561
30565
30567
30570
30574
30577
30581
30583
30584
30585
30587
30589
30594
30605
30605
30610
30611
30617
30619
30620
30622
30636
30636
30639
30639
30639
30640
30644
30646
30651
30651
30653
30656
30665
30665
30666
30672
30677
30678
30682
30687
30690
30692
30697
30698
30700
30705
30716
30731
30732
30733
30737
30740
30740
30742
30742
30742
30747
30751
30752
30753
30754
30760
30765
30766
30770
30774
30775
30776
30776
30779
30780
30789
30793
30793
30794
30795
30798
30805
30806
30809
30812
30815
30819
30822
30830
30832
30833
30837
30837
30838
30841
30841
30844
30846
30848
30850
30853
30859
30862
30869
30870
30871
30880
30887
30892
30893
30901
30905
30908
30909
30911
30911
30913
30916
30920
30921
30926
30928
30929
30929
30934
30938
30939
30939
30940
30941
30942
30944
30951
30952
30953
30960
30970
30972
30972
30975
30975
30976
30983
30988
30990
30994
30997
31000
31003
31005
31006
31011
31016
31017
31022
31025
31025
31027
31031
31034
31036
31041
31045
31049
31050
31053
31053
31054
31055
31056
31057
31064
31065
31074
31075
31077
31084
31090
31094
31095
31110
31119
31124
31124
31132
31139
31140
31147
31147
31158
31160
31164
31164
31166
31173
31175
31177
31177
31177
31179
31181
31187
31189
31192
31200
31201
31202
31203
31210
31210
31211
31212
31214
31215
31216
31217
31222
31222
31226
31230
31237
31245
31246
31249
31260
31264
31264
31265
31267
31268
31273
31275
31280
31280
31284
31285
31294
31296
31297
31299
31301
31326
31334
31334
31341
31343
31356
31357
31357
31358
31363
31364
31365
31366
31369
31370
31375
31375
31375
31375
31377
31380
31380
31384
31386
31389
31390
31391
31393
31397
31403
31408
31416
31418
31426
31430
31433
31438
31439
31446
31449
31456
31458
31464
31467
31470
31479
31489
31491
31492
31493
31493
31494
31494
31501
31502
31503
31503
31507
31510
31515
31519
31521
31522
31526
31527
31528
31533
31534
31539
31543
31545
31545
31546
31547
31551
31560
31568
31573
31573
31578
31580
31580
31588
31592
31602
31602
31604
31608
31617
31619
31628
31633
31637
31638
31644
31646
31648
31650
31663
31668
31672
31682
31687
31688
31696
31699
31705
31705
31711
31714
31715
31717
31722
31722
31726
31729
31735
31738
31738
31738
31745
31747
31748
31752
31753
31756
31759
31760
31761
31764
31766
31770
31771
31773
31774
31775
31776
31780
31784
31786
31789
31792
31802
31806
31807
31807
31809
31811
31813
31814
31816
31817
31822
31828
31828
31835
31840
31845
31850
31851
31867
31873
31874
31878
31884
31885
31887
31888
31897
31900
31906
31911
31917
31922
31923
31925
31925
31928
31929
31941
31941
31943
31948
31950
31966
31967
31972
31972
31976
31976
31977
31981
31983
31994
31995
32007
32007
32009
32009
32019
32020
32029
32031
32034
32035
32041
32044
32056
32064
32065
32066
32075
32077
32084
32084
32087
32092
32096
32098
32101
32109
32110
32112
32113
32114
32114
32117
32119
32120
32127
32133
32139
32141
32145
32146
32147
32150
32151
32156
32158
32165
32167
32172
32175
32185
32190
32192
32194
32202
32202
32203
32206
32207
32210
32211
32212
32214
32215
32218
32219
32219
32223
32228
32237
32241
32246
32247
32251
32251
32253
32254
32255
32256
32259
32260
32261
32277
32278
32287
32295
32296
32302
32306
32306
32308
32320
32323
32325
32326
32329
32329
32331
32334
32336
32338
32340
32350
32353
32370
32370
32371
32373
32374
32374
32376
32377
32377
32380
32381
32382
32385
32391
32393
32396
32400
32402
32402
32408
32410
32412
32412
32413
32416
32420
32427
32430
32430
32432
32433
32436
32440
32441
32442
32445
32445
32448
32451
32451
32456
32458
32462
32463
32464
32467
32469
32473
32474
32475
32476
32481
32483
32489
32496
32513
32514
32517
32523
32523
32526
32533
32533
32535
32550
32554
32555
32557
32558
32565
32568
32569
32571
32576
32576
32579
32580
32589
32589
32590
32596
32596
32599
32603
32604
32604
32611
32616
32626
32626
32632
32636
32637
32638
32642
32642
32646
32650
32656
32657
32658
32663
32664
32666
32671
32673
32676
32679
32680
32680
32686
32689
32694
32695
32695
32695
32699
32700
32700
32702
32705
32707
32707
32709
32713
32717
32717
32718
32719
32720
32722
32723
32730
32739
32742
32745
32747
32749
32750
32751
32753
32753
32757
32761
32762
32765
