233
285
350
1305
1558
1612
2065
2109
2874
2996
3349
3406
3736
4068
4344
5719
6483
6547
7010
7206
7815
8025
8907
9667
10358
10376
10463
11435
11563
12389
12561
12654
13221
13926
14025
14100
14223
14228
14356
14371
14475
14512
14822
15186
16069
16654
17187
17536
18025
18199
18373
18549
18615
18866
18921
19167
19259
19373
19741
20066
20243
20431
20534
20693
21162
21195
21323
21390
21632
21730
21825
22065
22206
23297
23976
24171
24236
24623
24882
25019
25205
25627
25753
26772
27342
27639
27744
27979
28245
28323
28497
28551
28660
30487
30521
31090
31179
31543
31911
32436
